200 1081
828 728
203 102
930 830
157 57
1096 995
888 789
987 888
446 347
341 242
369 268
481 380
947 847
649 550
571 472
1014 914
660 560
392 291
102 2
338 238
506 405
773 672
886 786
558 458
872 772
951 850
837 736
1081 982
510 409
538 438
722 622
904 804
988 889
869 768
705 606
975 875
413 312
1003 904
891 792
603 502
326 226
226 127
1008 909
231 132
823 723
102 2
313 214
311 210
200 101
120 19
573 472
274 174
849 750
1012 912
635 536
1068 968
963 863
214 113
1084 985
685 585
455 354
647 547
478 378
526 427
782 683
540 440
473 373
801 702
631 532
976 877
626 526
1069 969
713 613
644 544
1074 975
370 271
484 384
481 382
710 611
770 670
144 43
905 805
442 342
270 171
878 777
633 533
129 29
647 546
154 55
291 192
299 199
173 73
935 835
212 112
570 471
660 559
859 759
983 882
1038 939
398 299
578 478
950 851
957 857
692 593
117 17
662 561
602 503
747 648
641 540
282 183
316 217
225 126
132 32
786 686
1077 978
837 736
625 524
825 726
967 868
782 681
681 582
1058 958
422 321
549 450
1034 935
1082 983
303 204
191 90
756 657
240 141
124 25
539 439
1076 975
175 74
682 581
818 718
883 782
192 92
422 321
930 831
737 637
568 469
396 295
595 494
1052 953
331 231
419 319
657 557
237 136
587 488
856 756
691 592
696 595
174 75
1097 998
888 787
685 585
450 351
402 302
1014 913
638 537
371 271
881 781
1099 999
596 496
745 646
1016 917
135 36
178 77
956 855
151 52
737 638
978 878
493 394
316 217
116 15
750 649
1066 966
858 758
1095 995
298 198
876 775
750 650
822 723
445 345
1052 953
478 377
964 865
949 849
784 685
990 890
900 800
962 861
1059 960
423 322
576 476
741 642
821 720
371 272
465 365
871 772
